    0.10000E-03    0.57169E+03
    0.10202E-03    0.58280E+03
    0.10408E-03    0.59413E+03
    0.10618E-03    0.60568E+03
    0.10833E-03    0.61745E+03
    0.11052E-03    0.62944E+03
    0.11275E-03    0.64167E+03
    0.11503E-03    0.65414E+03
    0.11735E-03    0.66685E+03
    0.11972E-03    0.67981E+03
    0.12214E-03    0.69302E+03
    0.12461E-03    0.70648E+03
    0.12712E-03    0.72020E+03
    0.12969E-03    0.73420E+03
    0.13231E-03    0.74846E+03
    0.13499E-03    0.76300E+03
    0.13771E-03    0.77782E+03
    0.14049E-03    0.79292E+03
    0.14333E-03    0.80832E+03
    0.14623E-03    0.82402E+03
    0.14918E-03    0.84002E+03
    0.15220E-03    0.85634E+03
    0.15527E-03    0.87296E+03
    0.15841E-03    0.88991E+03
    0.16161E-03    0.90719E+03
    0.16487E-03    0.92480E+03
    0.16820E-03    0.94276E+03
    0.17160E-03    0.96106E+03
    0.17507E-03    0.97971E+03
    0.17860E-03    0.99872E+03
    0.18221E-03    0.10181E+04
    0.18589E-03    0.10379E+04
    0.18965E-03    0.10580E+04
    0.19348E-03    0.10785E+04
    0.19739E-03    0.10995E+04
    0.20138E-03    0.11208E+04
    0.20544E-03    0.11425E+04
    0.20959E-03    0.11647E+04
    0.21383E-03    0.11873E+04
    0.21815E-03    0.12103E+04
    0.22255E-03    0.12337E+04
    0.22705E-03    0.12577E+04
    0.23164E-03    0.12820E+04
    0.23632E-03    0.13069E+04
    0.24109E-03    0.13322E+04
    0.24596E-03    0.13580E+04
    0.25093E-03    0.13843E+04
    0.25600E-03    0.14111E+04
    0.26117E-03    0.14385E+04
    0.26645E-03    0.14663E+04
    0.27183E-03    0.14947E+04
    0.27732E-03    0.15236E+04
    0.28292E-03    0.15531E+04
    0.28864E-03    0.15832E+04
    0.29447E-03    0.16138E+04
    0.30042E-03    0.16450E+04
    0.30649E-03    0.16768E+04
    0.31268E-03    0.17093E+04
    0.31899E-03    0.17423E+04
    0.32544E-03    0.17760E+04
    0.33201E-03    0.18103E+04
    0.33872E-03    0.18452E+04
    0.34556E-03    0.18809E+04
    0.35254E-03    0.19172E+04
    0.35966E-03    0.19542E+04
    0.36693E-03    0.19919E+04
    0.37434E-03    0.20303E+04
    0.38190E-03    0.20695E+04
    0.38962E-03    0.21094E+04
    0.39749E-03    0.21500E+04
    0.40552E-03    0.21914E+04
    0.41371E-03    0.22336E+04
    0.42207E-03    0.22766E+04
    0.43060E-03    0.23204E+04
    0.43929E-03    0.23651E+04
    0.44817E-03    0.24105E+04
    0.45722E-03    0.24569E+04
    0.46646E-03    0.25041E+04
    0.47588E-03    0.25521E+04
    0.48550E-03    0.26011E+04
    0.49530E-03    0.26510E+04
    0.50531E-03    0.27019E+04
    0.51552E-03    0.27537E+04
    0.52593E-03    0.28064E+04
    0.53656E-03    0.28601E+04
    0.54739E-03    0.29149E+04
    0.55845E-03    0.29706E+04
    0.56973E-03    0.30274E+04
    0.58124E-03    0.30852E+04
    0.59299E-03    0.31441E+04
    0.60496E-03    0.32041E+04
    0.61719E-03    0.32652E+04
    0.62965E-03    0.33274E+04
    0.64237E-03    0.33908E+04
    0.65535E-03    0.34553E+04
    0.66859E-03    0.35210E+04
    0.68210E-03    0.35879E+04
    0.69588E-03    0.36560E+04
    0.70993E-03    0.37254E+04
    0.72427E-03    0.37960E+04
    0.73891E-03    0.38679E+04
    0.75383E-03    0.39410E+04
    0.76906E-03    0.40155E+04
    0.78460E-03    0.40914E+04
    0.80045E-03    0.41686E+04
    0.81662E-03    0.42472E+04
    0.83311E-03    0.43272E+04
    0.84994E-03    0.44086E+04
    0.86711E-03    0.44915E+04
    0.88463E-03    0.45758E+04
    0.90250E-03    0.46616E+04
    0.92073E-03    0.47489E+04
    0.93933E-03    0.48378E+04
    0.95831E-03    0.49282E+04
    0.97767E-03    0.50202E+04
    0.99742E-03    0.51138E+04
    0.10176E-02    0.52091E+04
    0.10381E-02    0.53059E+04
    0.10591E-02    0.54045E+04
    0.10805E-02    0.55047E+04
    0.11023E-02    0.56067E+04
    0.11246E-02    0.57103E+04
    0.11473E-02    0.58158E+04
    0.11705E-02    0.59230E+04
    0.11941E-02    0.60320E+04
    0.12182E-02    0.61429E+04
    0.12429E-02    0.62556E+04
    0.12680E-02    0.63702E+04
    0.12936E-02    0.64867E+04
    0.13197E-02    0.66051E+04
    0.13464E-02    0.67254E+04
    0.13736E-02    0.68477E+04
    0.14013E-02    0.69720E+04
    0.14296E-02    0.70982E+04
    0.14585E-02    0.72265E+04
    0.14880E-02    0.73569E+04
    0.15180E-02    0.74893E+04
    0.15487E-02    0.76238E+04
    0.15800E-02    0.77604E+04
    0.16119E-02    0.78991E+04
    0.16445E-02    0.80400E+04
    0.16777E-02    0.81831E+04
    0.17116E-02    0.83283E+04
    0.17462E-02    0.84757E+04
    0.17814E-02    0.86253E+04
    0.18174E-02    0.87772E+04
    0.18541E-02    0.89313E+04
    0.18916E-02    0.90877E+04
    0.19298E-02    0.92463E+04
    0.19688E-02    0.94073E+04
    0.20086E-02    0.95705E+04
    0.20491E-02    0.97360E+04
    0.20905E-02    0.99039E+04
    0.21328E-02    0.10074E+05
    0.21758E-02    0.10247E+05
    0.22198E-02    0.10421E+05
    0.22646E-02    0.10599E+05
    0.23104E-02    0.10778E+05
    0.23571E-02    0.10960E+05
    0.24047E-02    0.11144E+05
    0.24533E-02    0.11331E+05
    0.25028E-02    0.11520E+05
    0.25534E-02    0.11712E+05
    0.26050E-02    0.11905E+05
    0.26576E-02    0.12101E+05
    0.27113E-02    0.12300E+05
    0.27660E-02    0.12500E+05
    0.28219E-02    0.12704E+05
    0.28789E-02    0.12909E+05
    0.29371E-02    0.13117E+05
    0.29964E-02    0.13327E+05
    0.30569E-02    0.13539E+05
    0.31187E-02    0.13753E+05
    0.31817E-02    0.13970E+05
    0.32460E-02    0.14189E+05
    0.33115E-02    0.14410E+05
    0.33784E-02    0.14633E+05
    0.34467E-02    0.14858E+05
    0.35163E-02    0.15085E+05
    0.35874E-02    0.15315E+05
    0.36598E-02    0.15546E+05
    0.37338E-02    0.15779E+05
    0.38092E-02    0.16014E+05
    0.38861E-02    0.16251E+05
    0.39646E-02    0.16490E+05
    0.40447E-02    0.16730E+05
    0.41264E-02    0.16972E+05
    0.42098E-02    0.17216E+05
    0.42948E-02    0.17461E+05
    0.43816E-02    0.17708E+05
    0.44701E-02    0.17956E+05
    0.45604E-02    0.18206E+05
    0.46525E-02    0.18456E+05
    0.47465E-02    0.18708E+05
    0.48424E-02    0.18961E+05
    0.49402E-02    0.19214E+05
    0.50400E-02    0.19469E+05
    0.51419E-02    0.19724E+05
    0.52457E-02    0.19980E+05
    0.53517E-02    0.20236E+05
    0.54598E-02    0.20493E+05
    0.55701E-02    0.20750E+05
    0.56826E-02    0.21008E+05
    0.57974E-02    0.21265E+05
    0.59145E-02    0.21522E+05
    0.60340E-02    0.21779E+05
    0.61559E-02    0.22035E+05
    0.62803E-02    0.22291E+05
    0.64072E-02    0.22547E+05
    0.65366E-02    0.22801E+05
    0.66686E-02    0.23054E+05
    0.68033E-02    0.23306E+05
    0.69408E-02    0.23557E+05
    0.70810E-02    0.23806E+05
    0.72240E-02    0.24053E+05
    0.73700E-02    0.24298E+05
    0.75189E-02    0.24541E+05
    0.76708E-02    0.24781E+05
    0.78257E-02    0.25019E+05
    0.79838E-02    0.25254E+05
    0.81451E-02    0.25486E+05
    0.83096E-02    0.25715E+05
    0.84775E-02    0.25940E+05
    0.86488E-02    0.26162E+05
    0.88235E-02    0.26379E+05
    0.90017E-02    0.26592E+05
    0.91836E-02    0.26800E+05
    0.93691E-02    0.27004E+05
    0.95583E-02    0.27202E+05
    0.97514E-02    0.27395E+05
    0.99484E-02    0.27583E+05
    0.10149E-01    0.27764E+05
    0.10354E-01    0.27939E+05
    0.10564E-01    0.28108E+05
    0.10777E-01    0.28269E+05
    0.10995E-01    0.28424E+05
    0.11217E-01    0.28571E+05
    0.11443E-01    0.28710E+05
    0.11675E-01    0.28841E+05
    0.11910E-01    0.28963E+05
    0.12151E-01    0.29077E+05
    0.12397E-01    0.29182E+05
    0.12647E-01    0.29277E+05
    0.12902E-01    0.29362E+05
    0.13163E-01    0.29437E+05
    0.13429E-01    0.29502E+05
    0.13700E-01    0.29556E+05
    0.13977E-01    0.29599E+05
    0.14259E-01    0.29631E+05
    0.14547E-01    0.29651E+05
    0.14841E-01    0.29659E+05
    0.15141E-01    0.29655E+05
    0.15447E-01    0.29638E+05
    0.15759E-01    0.29609E+05
    0.16077E-01    0.29566E+05
    0.16402E-01    0.29510E+05
    0.16734E-01    0.29441E+05
    0.17072E-01    0.29358E+05
    0.17416E-01    0.29261E+05
    0.17768E-01    0.29150E+05
    0.18127E-01    0.29025E+05
    0.18493E-01    0.28885E+05
    0.18867E-01    0.28731E+05
    0.19248E-01    0.28563E+05
    0.19637E-01    0.28381E+05
    0.20034E-01    0.28184E+05
    0.20438E-01    0.27972E+05
    0.20851E-01    0.27747E+05
    0.21272E-01    0.27508E+05
    0.21702E-01    0.27254E+05
    0.22141E-01    0.26987E+05
    0.22588E-01    0.26707E+05
    0.23044E-01    0.26414E+05
    0.23510E-01    0.26108E+05
    0.23985E-01    0.25791E+05
    0.24469E-01    0.25461E+05
    0.24964E-01    0.25121E+05
    0.25468E-01    0.24770E+05
    0.25982E-01    0.24410E+05
    0.26507E-01    0.24040E+05
    0.27043E-01    0.23663E+05
    0.27589E-01    0.23278E+05
    0.28146E-01    0.22886E+05
    0.28715E-01    0.22489E+05
    0.29295E-01    0.22087E+05
    0.29887E-01    0.21682E+05
    0.30490E-01    0.21274E+05
    0.31106E-01    0.20864E+05
    0.31735E-01    0.20454E+05
    0.32376E-01    0.20045E+05
    0.33030E-01    0.19638E+05
    0.33697E-01    0.19233E+05
    0.34378E-01    0.18832E+05
    0.35072E-01    0.18437E+05
    0.35781E-01    0.18048E+05
    0.36504E-01    0.17665E+05
    0.37241E-01    0.17291E+05
    0.37993E-01    0.16926E+05
    0.38761E-01    0.16571E+05
    0.39544E-01    0.16227E+05
    0.40343E-01    0.15893E+05
    0.41158E-01    0.15572E+05
    0.41989E-01    0.15264E+05
    0.42838E-01    0.14968E+05
    0.43703E-01    0.14685E+05
    0.44586E-01    0.14416E+05
    0.45486E-01    0.14159E+05
    0.46405E-01    0.13916E+05
    0.47343E-01    0.13685E+05
    0.48299E-01    0.13467E+05
    0.49275E-01    0.13260E+05
    0.50270E-01    0.13063E+05
    0.51286E-01    0.12876E+05
    0.52322E-01    0.12697E+05
    0.53379E-01    0.12526E+05
    0.54457E-01    0.12360E+05
    0.55557E-01    0.12198E+05
    0.56680E-01    0.12037E+05
    0.57825E-01    0.11877E+05
    0.58993E-01    0.11716E+05
    0.60184E-01    0.11550E+05
    0.61400E-01    0.11379E+05
    0.62641E-01    0.11201E+05
    0.63906E-01    0.11013E+05
    0.65197E-01    0.10815E+05
    0.66514E-01    0.10605E+05
    0.67858E-01    0.10381E+05
    0.69229E-01    0.10145E+05
    0.70627E-01    0.98954E+04
    0.72054E-01    0.96327E+04
    0.73510E-01    0.93578E+04
    0.74994E-01    0.90722E+04
    0.76509E-01    0.87778E+04
    0.78055E-01    0.84768E+04
    0.79632E-01    0.81720E+04
    0.81241E-01    0.78663E+04
    0.82882E-01    0.75631E+04
    0.84556E-01    0.72654E+04
    0.86264E-01    0.69766E+04
    0.88007E-01    0.66998E+04
    0.89785E-01    0.64377E+04
    0.91598E-01    0.61927E+04
    0.93449E-01    0.59666E+04
    0.95337E-01    0.57608E+04
    0.97263E-01    0.55759E+04
    0.99227E-01    0.54118E+04
    0.10123E+00    0.52678E+04
    0.10328E+00    0.51424E+04
    0.10536E+00    0.50332E+04
    0.10749E+00    0.49377E+04
    0.10966E+00    0.48522E+04
    0.11188E+00    0.47728E+04
    0.11414E+00    0.46953E+04
    0.11644E+00    0.46155E+04
    0.11880E+00    0.45296E+04
    0.12120E+00    0.44345E+04
    0.12365E+00    0.43274E+04
    0.12614E+00    0.42068E+04
    0.12869E+00    0.40724E+04
    0.13129E+00    0.39254E+04
    0.13394E+00    0.37683E+04
    0.13665E+00    0.36049E+04
    0.13941E+00    0.34394E+04
    0.14223E+00    0.32761E+04
    0.14510E+00    0.31198E+04
    0.14803E+00    0.29747E+04
    0.15102E+00    0.28438E+04
    0.15407E+00    0.27292E+04
    0.15718E+00    0.26314E+04
    0.16036E+00    0.25496E+04
    0.16360E+00    0.24818E+04
    0.16690E+00    0.24248E+04
    0.17028E+00    0.23744E+04
    0.17371E+00    0.23260E+04
    0.17722E+00    0.22751E+04
    0.18080E+00    0.22183E+04
    0.18446E+00    0.21530E+04
    0.18818E+00    0.20782E+04
    0.19198E+00    0.19951E+04
    0.19586E+00    0.19064E+04
    0.19982E+00    0.18158E+04
    0.20386E+00    0.17273E+04
    0.20797E+00    0.16450E+04
    0.21218E+00    0.15717E+04
    0.21646E+00    0.15087E+04
    0.22083E+00    0.14559E+04
    0.22530E+00    0.14117E+04
    0.22985E+00    0.13731E+04
    0.23449E+00    0.13366E+04
    0.23923E+00    0.12989E+04
    0.24406E+00    0.12575E+04
    0.24899E+00    0.12114E+04
    0.25402E+00    0.11612E+04
    0.25915E+00    0.11089E+04
    0.26439E+00    0.10571E+04
    0.26973E+00    0.10087E+04
    0.27518E+00    0.96538E+03
    0.28074E+00    0.92782E+03
    0.28641E+00    0.89529E+03
    0.29219E+00    0.86597E+03
    0.29810E+00    0.83771E+03
    0.30412E+00    0.80861E+03
    0.31026E+00    0.77772E+03
    0.31653E+00    0.74526E+03
    0.32292E+00    0.71238E+03
    0.32945E+00    0.68070E+03
    0.33610E+00    0.65147E+03
    0.34289E+00    0.62523E+03
    0.34982E+00    0.60157E+03
    0.35689E+00    0.57949E+03
    0.36409E+00    0.55780E+03
    0.37145E+00    0.53579E+03
    0.37895E+00    0.51341E+03
    0.38661E+00    0.49125E+03
    0.39442E+00    0.47005E+03
    0.40239E+00    0.45035E+03
    0.41052E+00    0.43217E+03
    0.41881E+00    0.41507E+03
    0.42727E+00    0.39850E+03
    0.43590E+00    0.38209E+03
    0.44471E+00    0.36590E+03
    0.45369E+00    0.35020E+03
    0.46286E+00    0.33531E+03
    0.47221E+00    0.32132E+03
    0.48174E+00    0.30804E+03
    0.49148E+00    0.29524E+03
    0.50141E+00    0.28277E+03
    0.51153E+00    0.27065E+03
    0.52187E+00    0.25903E+03
    0.53241E+00    0.24799E+03
    0.54317E+00    0.23747E+03
    0.55414E+00    0.22736E+03
    0.56533E+00    0.21761E+03
    0.57675E+00    0.20820E+03
    0.58840E+00    0.19919E+03
    0.60029E+00    0.19059E+03
    0.61242E+00    0.18236E+03
    0.62479E+00    0.17445E+03
    0.63741E+00    0.16685E+03
    0.65029E+00    0.15956E+03
    0.66342E+00    0.15259E+03
    0.67683E+00    0.14591E+03
    0.69050E+00    0.13951E+03
    0.70445E+00    0.13337E+03
    0.71868E+00    0.12749E+03
    0.73320E+00    0.12186E+03
    0.74801E+00    0.11647E+03
    0.76312E+00    0.11130E+03
    0.77854E+00    0.10635E+03
    0.79426E+00    0.10162E+03
    0.81031E+00    0.97086E+02
    0.82668E+00    0.92745E+02
    0.84338E+00    0.88591E+02
    0.86041E+00    0.84616E+02
    0.87780E+00    0.80812E+02
    0.89553E+00    0.77173E+02
    0.91362E+00    0.73691E+02
    0.93208E+00    0.70361E+02
    0.95091E+00    0.67176E+02
    0.97011E+00    0.64129E+02
    0.98971E+00    0.61215E+02
    0.10097E+01    0.58429E+02
    0.10301E+01    0.55765E+02
    0.10509E+01    0.53218E+02
    0.10721E+01    0.50783E+02
    0.10938E+01    0.48456E+02
    0.11159E+01    0.46232E+02
    0.11384E+01    0.44107E+02
    0.11614E+01    0.42077E+02
    0.11849E+01    0.40137E+02
    0.12088E+01    0.38283E+02
    0.12333E+01    0.36512E+02
    0.12582E+01    0.34820E+02
    0.12836E+01    0.33205E+02
    0.13095E+01    0.31662E+02
    0.13360E+01    0.30188E+02
    0.13630E+01    0.28781E+02
    0.13905E+01    0.27438E+02
    0.14186E+01    0.26156E+02
    0.14472E+01    0.24932E+02
    0.14765E+01    0.23763E+02
    0.15063E+01    0.22648E+02
    0.15367E+01    0.21583E+02
    0.15678E+01    0.20567E+02
    0.15994E+01    0.19598E+02
    0.16318E+01    0.18673E+02
    0.16647E+01    0.17791E+02
    0.16984E+01    0.16949E+02
    0.17327E+01    0.16146E+02
    0.17677E+01    0.15380E+02
    0.18034E+01    0.14650E+02
    0.18398E+01    0.13953E+02
    0.18770E+01    0.13289E+02
    0.19149E+01    0.12655E+02
    0.19536E+01    0.12051E+02
    0.19930E+01    0.11475E+02
    0.20333E+01    0.10926E+02
    0.20744E+01    0.10403E+02
    0.21163E+01    0.99041E+01
    0.21590E+01    0.94285E+01
    0.22026E+01    0.89753E+01
    0.22471E+01    0.85434E+01
    0.22925E+01    0.81318E+01
    0.23388E+01    0.77396E+01
    0.23861E+01    0.73659E+01
    0.24343E+01    0.70099E+01
    0.24835E+01    0.66707E+01
    0.25336E+01    0.63476E+01
    0.25848E+01    0.60398E+01
    0.26370E+01    0.57466E+01
    0.26903E+01    0.54674E+01
    0.27447E+01    0.52014E+01
    0.28001E+01    0.49481E+01
    0.28567E+01    0.47070E+01
    0.29144E+01    0.44773E+01
    0.29733E+01    0.42586E+01
    0.30333E+01    0.40504E+01
    0.30946E+01    0.38522E+01
    0.31571E+01    0.36635E+01
    0.32209E+01    0.34839E+01
    0.32860E+01    0.33129E+01
    0.33523E+01    0.31502E+01
    0.34201E+01    0.29953E+01
    0.34892E+01    0.28479E+01
    0.35596E+01    0.27076E+01
    0.36316E+01    0.25741E+01
    0.37049E+01    0.24471E+01
    0.37798E+01    0.23262E+01
    0.38561E+01    0.22112E+01
    0.39340E+01    0.21018E+01
    0.40135E+01    0.19977E+01
    0.40946E+01    0.18987E+01
    0.41773E+01    0.18045E+01
    0.42617E+01    0.17149E+01
    0.43478E+01    0.16297E+01
    0.44356E+01    0.15487E+01
    0.45252E+01    0.14716E+01
    0.46166E+01    0.13983E+01
    0.47099E+01    0.13286E+01
    0.48050E+01    0.12623E+01
    0.49021E+01    0.11993E+01
    0.50011E+01    0.11393E+01
    0.51021E+01    0.10823E+01
    0.52052E+01    0.10282E+01
    0.53104E+01    0.97667E+00
    0.54176E+01    0.92771E+00
    0.55271E+01    0.88117E+00
    0.56387E+01    0.83694E+00
    0.57526E+01    0.79489E+00
    0.58689E+01    0.75492E+00
    0.59874E+01    0.71694E+00
    0.61084E+01    0.68084E+00
    0.62318E+01    0.64653E+00
    0.63577E+01    0.61393E+00
    0.64861E+01    0.58295E+00
    0.66171E+01    0.55351E+00
    0.67508E+01    0.52555E+00
    0.68872E+01    0.49897E+00
    0.70263E+01    0.47372E+00
    0.71682E+01    0.44973E+00
    0.73130E+01    0.42695E+00
    0.74608E+01    0.40530E+00
    0.76115E+01    0.38473E+00
    0.77653E+01    0.36520E+00
    0.79221E+01    0.34665E+00
    0.80822E+01    0.32902E+00
    0.82454E+01    0.31229E+00
    0.84120E+01    0.29639E+00
    0.85819E+01    0.28129E+00
    0.87553E+01    0.26695E+00
    0.89322E+01    0.25334E+00
    0.91126E+01    0.24041E+00
    0.92967E+01    0.22813E+00
    0.94845E+01    0.21648E+00
    0.96761E+01    0.20541E+00
    0.98716E+01    0.19490E+00
