1.000000000000000021e-03 3.784020998643527491e+03
1.047370897959449794e-03 3.949753726759082838e+03
1.096985797892384082e-03 4.122230431489972034e+03
1.148951000187308554e-03 4.301665951532731015e+03
1.203377840777589310e-03 4.488275561312565515e+03
1.260382929679727511e-03 4.682274107353994623e+03
1.320088400831418048e-03 4.883875027044189665e+03
1.382622173764656327e-03 5.093289245130148629e+03
1.448118227674533064e-03 5.310723931157926927e+03
1.516716888470922469e-03 5.536381701059101943e+03
1.588565129428052810e-03 5.770462691990827807e+03
1.663816886076128956e-03 6.013161193097658725e+03
1.742633386009650835e-03 6.264658504060574160e+03
1.825183494319042483e-03 6.525121566775867905e+03
1.911644075385701691e-03 6.794702855551582616e+03
2.002200371815584384e-03 7.073539305841116402e+03
2.097046401323232872e-03 7.361755753479509622e+03
2.196385372416547171e-03 7.659456739934315920e+03
2.300430119772916854e-03 7.966719843524080716e+03
2.409403560239524542e-03 8.283596802477215533e+03
2.523539170434765683e-03 8.610115910963484566e+03
2.643081486974105387e-03 8.946282770511725175e+03
2.768286630392066683e-03 9.292067006183064223e+03
2.899422853882875021e-03 9.647395223127636200e+03
3.036771118035457451e-03 1.001215519354983553e+04
3.180625692794119240e-03 1.038619881461105433e+04
3.331294787934673506e-03 1.076933859030462372e+04
3.489101213406773684e-03 1.116133669058716077e+04
3.654383070957254592e-03 1.156188813321763519e+04
3.827494478516311072e-03 1.197063128441571462e+04
4.008806328898464194e-03 1.238715292956369376e+04
4.198707084443909637e-03 1.281098587241483801e+04
4.397603609302721053e-03 1.324159752072706397e+04
4.605922041145103958e-03 1.367835404986958201e+04
4.824108704165368938e-03 1.412055251189472619e+04
5.052631065335679711e-03 1.456743104255130311e+04
5.291978735958441891e-03 1.501815008442084581e+04
5.542664520663107344e-03 1.547179043276139964e+04
5.805225516094895781e-03 1.592728815153018513e+04
6.080224261649427343e-03 1.638349271762515309e+04
6.368249944718586651e-03 1.683918576382058018e+04
6.669919663030121973e-03 1.729307937104498342e+04
6.985879746785249485e-03 1.774378001180676438e+04
7.316807143427191823e-03 1.818972872594324508e+04
7.663410868007462622e-03 1.862928536010386961e+04
8.026433522257174491e-03 1.906075410718192506e+04
8.406652885618325771e-03 1.948239389336233216e+04
8.804883581643463755e-03 1.989234008355571132e+04
9.221978823334321326e-03 2.028850807145097497e+04
9.658832241158708462e-03 2.066875670074467416e+04
1.011637979766207007e-02 2.103093550117096675e+04
1.059560179277615859e-02 2.137290504015187253e+04
1.109752496412072173e-02 2.169243440261770593e+04
1.162322468679852401e-02 2.198707256715953554e+04
1.217382727739661427e-02 2.225439618332296959e+04
1.275051240713013546e-02 2.249207350534462239e+04
1.335451562929898701e-02 2.269789255417934692e+04
1.398713102647238665e-02 2.286960569881767515e+04
1.464971398307285573e-02 2.300476904320510221e+04
1.534368408930012438e-02 2.310109217131570404e+04
1.607052818261639135e-02 2.315651476527328850e+04
1.683180353330956600e-02 2.316923249902530006e+04
1.762914118095948099e-02 2.313759123088964770e+04
1.846424942895543569e-02 2.305999444010778097e+04
1.933891750455231026e-02 2.293513363407154611e+04
2.025501939230667584e-02 2.276202196351450402e+04
2.121451784910629787e-02 2.253999477002267668e+04
2.221946860939523830e-02 2.226905335356255455e+04
2.327202478960408577e-02 2.195007454695084016e+04
2.437444150122220626e-02 2.158417246890200477e+04
2.552908068239517769e-02 2.117257346282098297e+04
2.673841615839946811e-02 2.071657896396192154e+04
2.800503894183630979e-02 2.021920392527864897e+04
2.933166278390043902e-02 1.968592864294278479e+04
3.072112998861757649e-02 1.912184245002222451e+04
3.217641750250736787e-02 1.853129541548526322e+04
3.370064329271928172e-02 1.791792438115412369e+04
3.529707302730650254e-02 1.728767635511577100e+04
3.696912707195028347e-02 1.664969149027553431e+04
3.872038781812554842e-02 1.601175109543980398e+04
4.055460735840829556e-02 1.538009684652637225e+04
4.247571552536898165e-02 1.475975018246517539e+04
4.448782831127585241e-02 1.415509500245934032e+04
4.659525668664682430e-02 1.357018933620064854e+04
4.880251583654431069e-02 1.300899845658427330e+04
5.111433483440168402e-02 1.247230223841737279e+04
5.353566677410724617e-02 1.195762326743246376e+04
5.607169938205457810e-02 1.146192317561488380e+04
5.872786613189483196e-02 1.098001682218298993e+04
6.150985788580501379e-02 1.050613550065968411e+04
6.442363508721372922e-02 1.003463986798264705e+04
6.747544053110693385e-02 9.560922504098971331e+03
7.067181273927491958e-02 9.082266039456066210e+03
7.401959996915644102e-02 8.598325976456886565e+03
7.752597488629460465e-02 8.111217927362543378e+03
8.119844993184012483e-02 7.625246290062413209e+03
8.504489341802677627e-02 7.146550940711051226e+03
8.907354638610440190e-02 6.682540354442531680e+03
9.329304026284686302e-02 6.241270034680955177e+03
9.771241535346496254e-02 5.830265570095199109e+03
1.023411402105452728e-01 5.454508738632969653e+03
1.071891319205127563e-01 5.114299405241399654e+03
1.122667773510813566e-01 4.803991503067182748e+03
1.175849554052156992e-01 4.513276626600131749e+03
1.231550603292826118e-01 4.231233577697882538e+03
1.289890261253308079e-01 3.951053051193222927e+03
1.350993521198026459e-01 3.672691720614170208e+03
1.414991297434576023e-01 3.401340969753098761e+03
1.482020705798858529e-01 3.143538572366446715e+03
1.552225357427048091e-01 2.904251728850187646e+03
1.625755666443794989e-01 2.686078254158788241e+03
1.702769172225899463e-01 2.488039091587733310e+03
1.783430876931909326e-01 2.304684087136282415e+03
1.867913599020782911e-01 2.130953243335300613e+03
1.956398343517064820e-01 1.965315200556502305e+03
2.049074689815848227e-01 1.809139520781335705e+03
2.146141197858403571e-01 1.665126865395468940e+03
2.247805833548725263e-01 1.531717619384203317e+03
2.354286414322417920e-01 1.405952446930281440e+03
2.465811075822604004e-01 1.288545629646651150e+03
2.582618760682677261e-01 1.180802564125732033e+03
2.704959730463134537e-01 1.082949966746658674e+03
2.833096101839324144e-01 9.922408824710194040e+02
2.967302408188869367e-01 9.071763582093416289e+02
3.107866187782014067e-01 8.282813685576861644e+02
3.255088599835059826e-01 7.560522622926005170e+02
3.409285069746810781e-01 6.897036432852841017e+02
3.570785964900462517e-01 6.286702028304605392e+02
3.739937302478797965e-01 5.728915175509903293e+02
3.917101490809260511e-01 5.214090447294680644e+02
4.102658105827194368e-01 4.738885945257254662e+02
4.297004704320839252e-01 4.307259363341033236e+02
4.500557675700497251e-01 3.913180999413162908e+02
4.713753134116723809e-01 3.551418092648468701e+02
4.937047852839003825e-01 3.219927140589859391e+02
5.170920242896760444e-01 2.919054527832808503e+02
5.415871378079470944e-01 2.644249874756811209e+02
5.672426068491978057e-01 2.393309546965351160e+02
5.941133984965033532e-01 2.165153113009502306e+02
6.222570836730231258e-01 1.957714400536990809e+02
6.517339604882427251e-01 1.768978632653713134e+02
6.826071834272385841e-01 1.597428259653360385e+02
7.149428986597576863e-01 1.441887761381469488e+02
7.488103857590022727e-01 1.300623832425520163e+02
7.842822061337682005e-01 1.172779923785120246e+02
8.214343584919430175e-01 1.056789137661390754e+02
8.603464416684500904e-01 9.518576494091357176e+01
9.011018251665018353e-01 8.568512555432847932e+01
9.437878277775381131e-01 7.709911845951323528e+01
9.884959046625586554e-01 6.933860998345308246e+01
1.035321843295662569e+00 6.233354847891992989e+01
1.084365968689610771e+00 5.600706765378257757e+01
1.135733358343105071e+00 5.030286706299719413e+01
1.189534067370319637e+00 4.515808509002220461e+01
1.245883364295008233e+00 4.052200276549852731e+01
1.304901978014402886e+00 3.634757851609716539e+01
1.366716356462007287e+00 3.258934332221618746e+01
1.431458937523478525e+00 2.920761578157820537e+01
1.499268432786045491e+00 2.616660139689761166e+01
1.570290124729377457e+00 2.343326605982045052e+01
1.644676177994664368e+00 2.097766499000121598e+01
1.722585965398787389e+00 1.877227589258363238e+01
1.804186409392071866e+00 1.679277911529164058e+01
1.889652339691209715e+00 1.501657775665053940e+01
1.979166867853557443e+00 1.342358050799389346e+01
2.072921779595371827e+00 1.199550448798541424e+01
2.171117945694505114e+00 1.071577732493606838e+01
2.273965752357927528e+00 9.569458073264872411e+00
2.381685551976158166e+00 8.543011917607838512e+00
2.494508135230316448e+00 7.624236810547347254e+00
2.612675225563329207e+00 6.802205004633631980e+00
2.736439997074672004e+00 6.066966691371955989e+00
2.866067616948250407e+00 5.409596235107809292e+00
3.001835813575588929e+00 4.822050125182607339e+00
3.144035471591500208e+00 4.297097362854754188e+00
3.292971255097151495e+00 3.828218054050847474e+00
3.448962260405759928e+00 3.409561413340800318e+00
3.612342699709430338e+00 3.035871375615481149e+00
3.783462617131928774e+00 2.702423607639208747e+00
3.962688638701478361e+00 2.404974305756289787e+00
4.150404757850476578e+00 2.139720562458967024e+00
4.347013158125026422e+00 1.903247747163971271e+00
4.552935074866947929e+00 1.692495403526994346e+00
4.768611697714469244e+00 1.504716571001647907e+00
4.994505115855139898e+00 1.337454767959467272e+00
5.231099308056263553e+00 1.188510118690140782e+00
5.478901179593944626e+00 1.055910692777565218e+00
5.738441648302393006e+00 9.378946023277219268e-01
6.010276782070381962e+00 8.328851683167983744e-01
6.294988990221887626e+00 7.394729029032764966e-01
6.593188271333548123e+00 6.563973287158507697e-01
6.905513520162330998e+00 5.825333689565833639e-01
7.232633896483533498e+00 5.168748784881829206e-01
7.575250258771912826e+00 4.585245944470661694e-01
7.934096665797492065e+00 4.066799869509357679e-01
8.309941949353396140e+00 3.606282813117405728e-01
8.703591361485166544e+00 3.197277381266959706e-01
9.115888299750828594e+00 2.834121704594743663e-01
9.547716114208055771e+00 2.512076524882482231e-01
1.000000000000000000e+01 2.225833669751186572e-01
