 1.000000000E-04     5.716900000E+02
 1.020200000E-04     5.828000000E+02
 1.040800000E-04     5.941300000E+02
 1.061800000E-04     6.056800000E+02
 1.083300000E-04     6.174500000E+02
 1.105200000E-04     6.294400000E+02
 1.127500000E-04     6.416700000E+02
 1.150300000E-04     6.541400000E+02
 1.173500000E-04     6.668500000E+02
 1.197200000E-04     6.798100000E+02
 1.221400000E-04     6.930200000E+02
 1.246100000E-04     7.064800000E+02
 1.271200000E-04     7.202000000E+02
 1.296900000E-04     7.342000000E+02
 1.323100000E-04     7.484600000E+02
 1.349900000E-04     7.630000000E+02
 1.377100000E-04     7.778200000E+02
 1.404900000E-04     7.929200000E+02
 1.433300000E-04     8.083200000E+02
 1.462300000E-04     8.240200000E+02
 1.491800000E-04     8.400200000E+02
 1.522000000E-04     8.563400000E+02
 1.552700000E-04     8.729600000E+02
 1.584100000E-04     8.899100000E+02
 1.616100000E-04     9.071900000E+02
 1.648700000E-04     9.248000000E+02
 1.682000000E-04     9.427600000E+02
 1.716000000E-04     9.610600000E+02
 1.750700000E-04     9.797100000E+02
 1.786000000E-04     9.987200000E+02
 1.822100000E-04     1.018100000E+03
 1.858900000E-04     1.037900000E+03
 1.896500000E-04     1.058000000E+03
 1.934800000E-04     1.078500000E+03
 1.973900000E-04     1.099500000E+03
 2.013800000E-04     1.120800000E+03
 2.054400000E-04     1.142500000E+03
 2.095900000E-04     1.164700000E+03
 2.138300000E-04     1.187300000E+03
 2.181500000E-04     1.210300000E+03
 2.225500000E-04     1.233700000E+03
 2.270500000E-04     1.257700000E+03
 2.316400000E-04     1.282000000E+03
 2.363200000E-04     1.306900000E+03
 2.410900000E-04     1.332200000E+03
 2.459600000E-04     1.358000000E+03
 2.509300000E-04     1.384300000E+03
 2.560000000E-04     1.411100000E+03
 2.611700000E-04     1.438500000E+03
 2.664500000E-04     1.466300000E+03
 2.718300000E-04     1.494700000E+03
 2.773200000E-04     1.523600000E+03
 2.829200000E-04     1.553100000E+03
 2.886400000E-04     1.583200000E+03
 2.944700000E-04     1.613800000E+03
 3.004200000E-04     1.645000000E+03
 3.064900000E-04     1.676800000E+03
 3.126800000E-04     1.709300000E+03
 3.189900000E-04     1.742300000E+03
 3.254400000E-04     1.776000000E+03
 3.320100000E-04     1.810300000E+03
 3.387200000E-04     1.845200000E+03
 3.455600000E-04     1.880900000E+03
 3.525400000E-04     1.917200000E+03
 3.596600000E-04     1.954200000E+03
 3.669300000E-04     1.991900000E+03
 3.743400000E-04     2.030300000E+03
 3.819000000E-04     2.069500000E+03
 3.896200000E-04     2.109400000E+03
 3.974900000E-04     2.150000000E+03
 4.055200000E-04     2.191400000E+03
 4.137100000E-04     2.233600000E+03
 4.220700000E-04     2.276600000E+03
 4.306000000E-04     2.320400000E+03
 4.392900000E-04     2.365100000E+03
 4.481700000E-04     2.410500000E+03
 4.572200000E-04     2.456900000E+03
 4.664600000E-04     2.504100000E+03
 4.758800000E-04     2.552100000E+03
 4.855000000E-04     2.601100000E+03
 4.953000000E-04     2.651000000E+03
 5.053100000E-04     2.701900000E+03
 5.155200000E-04     2.753700000E+03
 5.259300000E-04     2.806400000E+03
 5.365600000E-04     2.860100000E+03
 5.473900000E-04     2.914900000E+03
 5.584500000E-04     2.970600000E+03
 5.697300000E-04     3.027400000E+03
 5.812400000E-04     3.085200000E+03
 5.929900000E-04     3.144100000E+03
 6.049600000E-04     3.204100000E+03
 6.171900000E-04     3.265200000E+03
 6.296500000E-04     3.327400000E+03
 6.423700000E-04     3.390800000E+03
 6.553500000E-04     3.455300000E+03
 6.685900000E-04     3.521000000E+03
 6.821000000E-04     3.587900000E+03
 6.958800000E-04     3.656000000E+03
 7.099300000E-04     3.725400000E+03
 7.242700000E-04     3.796000000E+03
 7.389100000E-04     3.867900000E+03
 7.538300000E-04     3.941000000E+03
 7.690600000E-04     4.015500000E+03
 7.846000000E-04     4.091400000E+03
 8.004500000E-04     4.168600000E+03
 8.166200000E-04     4.247200000E+03
 8.331100000E-04     4.327200000E+03
 8.499400000E-04     4.408600000E+03
 8.671100000E-04     4.491500000E+03
 8.846300000E-04     4.575800000E+03
 9.025000000E-04     4.661600000E+03
 9.207300000E-04     4.748900000E+03
 9.393300000E-04     4.837800000E+03
 9.583100000E-04     4.928200000E+03
 9.776700000E-04     5.020200000E+03
 9.974200000E-04     5.113800000E+03
 1.017600000E-03     5.209100000E+03
 1.038100000E-03     5.305900000E+03
 1.059100000E-03     5.404500000E+03
 1.080500000E-03     5.504700000E+03
 1.102300000E-03     5.606700000E+03
 1.124600000E-03     5.710300000E+03
 1.147300000E-03     5.815800000E+03
 1.170500000E-03     5.923000000E+03
 1.194100000E-03     6.032000000E+03
 1.218200000E-03     6.142900000E+03
 1.242900000E-03     6.255600000E+03
 1.268000000E-03     6.370200000E+03
 1.293600000E-03     6.486700000E+03
 1.319700000E-03     6.605100000E+03
 1.346400000E-03     6.725400000E+03
 1.373600000E-03     6.847700000E+03
 1.401300000E-03     6.972000000E+03
 1.429600000E-03     7.098200000E+03
 1.458500000E-03     7.226500000E+03
 1.488000000E-03     7.356900000E+03
 1.518000000E-03     7.489300000E+03
 1.548700000E-03     7.623800000E+03
 1.580000000E-03     7.760400000E+03
 1.611900000E-03     7.899100000E+03
 1.644500000E-03     8.040000000E+03
 1.677700000E-03     8.183100000E+03
 1.711600000E-03     8.328300000E+03
 1.746200000E-03     8.475700000E+03
 1.781400000E-03     8.625300000E+03
 1.817400000E-03     8.777200000E+03
 1.854100000E-03     8.931300000E+03
 1.891600000E-03     9.087700000E+03
 1.929800000E-03     9.246300000E+03
 1.968800000E-03     9.407300000E+03
 2.008600000E-03     9.570500000E+03
 2.049100000E-03     9.736000000E+03
 2.090500000E-03     9.903900000E+03
 2.132800000E-03     1.007400000E+04
 2.175800000E-03     1.024700000E+04
 2.219800000E-03     1.042100000E+04
 2.264600000E-03     1.059900000E+04
 2.310400000E-03     1.077800000E+04
 2.357100000E-03     1.096000000E+04
 2.404700000E-03     1.114400000E+04
 2.453300000E-03     1.133100000E+04
 2.502800000E-03     1.152000000E+04
 2.553400000E-03     1.171200000E+04
 2.605000000E-03     1.190500000E+04
 2.657600000E-03     1.210100000E+04
 2.711300000E-03     1.230000000E+04
 2.766000000E-03     1.250000000E+04
 2.821900000E-03     1.270400000E+04
 2.878900000E-03     1.290900000E+04
 2.937100000E-03     1.311700000E+04
 2.996400000E-03     1.332700000E+04
 3.056900000E-03     1.353900000E+04
 3.118700000E-03     1.375300000E+04
 3.181700000E-03     1.397000000E+04
 3.246000000E-03     1.418900000E+04
 3.311500000E-03     1.441000000E+04
 3.378400000E-03     1.463300000E+04
 3.446700000E-03     1.485800000E+04
 3.516300000E-03     1.508500000E+04
 3.587400000E-03     1.531500000E+04
 3.659800000E-03     1.554600000E+04
 3.733800000E-03     1.577900000E+04
 3.809200000E-03     1.601400000E+04
 3.886100000E-03     1.625100000E+04
 3.964600000E-03     1.649000000E+04
 4.044700000E-03     1.673000000E+04
 4.126400000E-03     1.697200000E+04
 4.209800000E-03     1.721600000E+04
 4.294800000E-03     1.746100000E+04
 4.381600000E-03     1.770800000E+04
 4.470100000E-03     1.795600000E+04
 4.560400000E-03     1.820600000E+04
 4.652500000E-03     1.845600000E+04
 4.746500000E-03     1.870800000E+04
 4.842400000E-03     1.896100000E+04
 4.940200000E-03     1.921400000E+04
 5.040000000E-03     1.946900000E+04
 5.141900000E-03     1.972400000E+04
 5.245700000E-03     1.998000000E+04
 5.351700000E-03     2.023600000E+04
 5.459800000E-03     2.049300000E+04
 5.570100000E-03     2.075000000E+04
 5.682600000E-03     2.100800000E+04
 5.797400000E-03     2.126500000E+04
 5.914500000E-03     2.152200000E+04
 6.034000000E-03     2.177900000E+04
 6.155900000E-03     2.203500000E+04
 6.280300000E-03     2.229100000E+04
 6.407200000E-03     2.254700000E+04
 6.536600000E-03     2.280100000E+04
 6.668600000E-03     2.305400000E+04
 6.803300000E-03     2.330600000E+04
 6.940800000E-03     2.355700000E+04
 7.081000000E-03     2.380600000E+04
 7.224000000E-03     2.405300000E+04
 7.370000000E-03     2.429800000E+04
 7.518900000E-03     2.454100000E+04
 7.670800000E-03     2.478100000E+04
 7.825700000E-03     2.501900000E+04
 7.983800000E-03     2.525899142E+04
 8.145100000E-03     2.548766920E+04
 8.309600000E-03     2.571373871E+04
 8.477500000E-03     2.593708808E+04
 8.648800000E-03     2.615732068E+04
 8.823500000E-03     2.637404348E+04
 9.001700000E-03     2.658698469E+04
 9.183600000E-03     2.679597099E+04
 9.369100000E-03     2.700047258E+04
 9.558300000E-03     2.720018933E+04
 9.751400000E-03     2.739490579E+04
 9.948400000E-03     2.758418622E+04
 1.014900000E-02     2.776733354E+04
 1.035400000E-02     2.794463929E+04
 1.056400000E-02     2.811608810E+04
 1.077700000E-02     2.827962076E+04
 1.099500000E-02     2.843635397E+04
 1.121700000E-02     2.858508448E+04
 1.144300000E-02     2.872541018E+04
 1.167500000E-02     2.885803303E+04
 1.191000000E-02     2.898078233E+04
 1.215100000E-02     2.909478174E+04
 1.239700000E-02     2.919898000E+04
 1.264700000E-02     2.929253878E+04
 1.290200000E-02     2.937543493E+04
 1.316300000E-02     2.944746833E+04
 1.342900000E-02     2.950786041E+04
 1.370000000E-02     2.955620785E+04
 1.397700000E-02     2.959224202E+04
 1.425900000E-02     2.961541859E+04
 1.454700000E-02     2.962544315E+04
 1.484100000E-02     2.962190996E+04
 1.514100000E-02     2.960446102E+04
 1.544700000E-02     2.957279096E+04
 1.575900000E-02     2.952665184E+04
 1.607700000E-02     2.946585790E+04
 1.640200000E-02     2.939003604E+04
 1.673400000E-02     2.929901722E+04
 1.707200000E-02     2.919304807E+04
 1.741600000E-02     2.907224024E+04
 1.776800000E-02     2.893597548E+04
 1.812700000E-02     2.878476291E+04
 1.849300000E-02     2.861887068E+04
 1.886700000E-02     2.843816014E+04
 1.924800000E-02     2.824352222E+04
 1.963700000E-02     2.803494628E+04
 2.003400000E-02     2.781298266E+04
 2.043800000E-02     2.757885603E+04
 2.085100000E-02     2.733211800E+04
 2.127200000E-02     2.707411762E+04
 2.170200000E-02     2.680505834E+04
 2.214100000E-02     2.652579043E+04
 2.258800000E-02     2.623785605E+04
 2.304400000E-02     2.594154240E+04
 2.351000000E-02     2.563713082E+04
 2.398500000E-02     2.532621405E+04
 2.446900000E-02     2.500972766E+04
 2.496400000E-02     2.468728633E+04
 2.546800000E-02     2.436109077E+04
 2.598200000E-02     2.403135198E+04
 2.650700000E-02     2.369826195E+04
 2.704300000E-02     2.336262112E+04
 2.758900000E-02     2.302579373E+04
 2.814600000E-02     2.268784571E+04
 2.871500000E-02     2.234882729E+04
 2.929500000E-02     2.200993478E+04
 2.988700000E-02     2.167112767E+04
 3.049000000E-02     2.133346524E+04
 3.110600000E-02     2.099627859E+04
 3.173500000E-02     2.066000472E+04
 3.237600000E-02     2.032554712E+04
 3.303000000E-02     1.999270658E+04
 3.369700000E-02     1.966178214E+04
 3.437800000E-02     1.933255639E+04
 3.507200000E-02     1.900575557E+04
 3.578100000E-02     1.868066658E+04
 3.650400000E-02     1.835796561E+04
 3.724100000E-02     1.803782556E+04
 3.799300000E-02     1.771997942E+04
 3.876100000E-02     1.740418570E+04
 3.954400000E-02     1.709101749E+04
 4.034300000E-02     1.678021955E+04
 4.115800000E-02     1.647193801E+04
 4.198900000E-02     1.616630544E+04
 4.283800000E-02     1.586273753E+04
 4.370300000E-02     1.556208927E+04
 4.458600000E-02     1.526379461E+04
 4.548600000E-02     1.496832570E+04
 4.640500000E-02     1.467516496E+04
 4.734300000E-02     1.438446993E+04
 4.829900000E-02     1.409668537E+04
 4.927500000E-02     1.381134858E+04
 5.027000000E-02     1.352889583E+04
 5.128600000E-02     1.324890689E+04
 5.232200000E-02     1.297180838E+04
 5.337900000E-02     1.269747458E+04
 5.445700000E-02     1.242605005E+04
 5.555700000E-02     1.215742960E+04
 5.668000000E-02     1.189152828E+04
 5.782500000E-02     1.162873181E+04
 5.899300000E-02     1.136894918E+04
 6.018400000E-02     1.111231922E+04
 6.140000000E-02     1.085855957E+04
 6.264100000E-02     1.060782759E+04
 6.390600000E-02     1.036046102E+04
 6.519700000E-02     1.011620246E+04
 6.651400000E-02     9.875192689E+03
 6.785800000E-02     9.637386314E+03
 6.922900000E-02     9.402917428E+03
 7.062700000E-02     9.171907557E+03
 7.205400000E-02     8.944152264E+03
 7.351000000E-02     8.719781434E+03
 7.499400000E-02     8.499057800E+03
 7.650900000E-02     8.281646794E+03
 7.805500000E-02     8.067670279E+03
 7.963200000E-02     7.857236476E+03
 8.124100000E-02     7.650314184E+03
 8.288200000E-02     7.446999658E+03
 8.455600000E-02     7.247259097E+03
 8.626400000E-02     7.051063800E+03
 8.800700000E-02     6.858389454E+03
 8.978500000E-02     6.669319756E+03
 9.159800000E-02     6.483925409E+03
 9.344900000E-02     6.301975647E+03
 9.533700000E-02     6.123643660E+03
 9.726300000E-02     5.948896900E+03
 9.922700000E-02     5.777790514E+03
 1.012300000E-01     5.610285835E+03
 1.032800000E-01     5.445796158E+03
 1.053600000E-01     5.285710853E+03
 1.074900000E-01     5.128518481E+03
 1.096600000E-01     4.975021584E+03
 1.118800000E-01     4.824563726E+03
 1.141400000E-01     4.677862259E+03
 1.164400000E-01     4.534903691E+03
 1.188000000E-01     4.394502913E+03
 1.212000000E-01     4.257896525E+03
 1.236500000E-01     4.124511965E+03
 1.261400000E-01     3.994882668E+03
 1.286900000E-01     3.867982200E+03
 1.312900000E-01     3.744347532E+03
 1.339400000E-01     3.623974399E+03
 1.366500000E-01     3.506426617E+03
 1.394100000E-01     3.392146832E+03
 1.422300000E-01     3.280720300E+03
 1.451000000E-01     3.172533784E+03
 1.480300000E-01     3.067193886E+03
 1.510200000E-01     2.964702710E+03
 1.540700000E-01     2.865054146E+03
 1.571800000E-01     2.768234596E+03
 1.603600000E-01     2.673934269E+03
 1.636000000E-01     2.582443726E+03
 1.669000000E-01     2.493729166E+03
 1.702800000E-01     2.407252817E+03
 1.737100000E-01     2.323756928E+03
 1.772200000E-01     2.242479426E+03
 1.808000000E-01     2.163650279E+03
 1.844600000E-01     2.087040233E+03
 1.881800000E-01     2.013037395E+03
 1.919800000E-01     1.941208302E+03
 1.958600000E-01     1.871542281E+03
 1.998200000E-01     1.804022766E+03
 2.038600000E-01     1.738627918E+03
 2.079700000E-01     1.675480886E+03
 2.121800000E-01     1.614102020E+03
 2.164600000E-01     1.554906072E+03
 2.208300000E-01     1.497578258E+03
 2.253000000E-01     1.441977292E+03
 2.298500000E-01     1.388327366E+03
 2.344900000E-01     1.336472762E+03
 2.392300000E-01     1.286279256E+03
 2.440600000E-01     1.237826904E+03
 2.489900000E-01     1.190986241E+03
 2.540200000E-01     1.145733111E+03
 2.591500000E-01     1.102040341E+03
 2.643900000E-01     1.059799748E+03
 2.697300000E-01     1.019066219E+03
 2.751800000E-01     9.797351144E+02
 2.807400000E-01     9.417819194E+02
 2.864100000E-01     9.051797798E+02
 2.921900000E-01     8.698998644E+02
 2.981000000E-01     8.357995050E+02
 3.041200000E-01     8.029713967E+02
 3.102600000E-01     7.713315982E+02
 3.165300000E-01     7.408064930E+02
 3.229200000E-01     7.114209425E+02
 3.294500000E-01     6.830612879E+02
 3.361000000E-01     6.557912397E+02
 3.428900000E-01     6.295040635E+02
 3.498200000E-01     6.041805342E+02
 3.568900000E-01     5.797998542E+02
 3.640900000E-01     5.563715261E+02
 3.714500000E-01     5.337775758E+02
 3.789500000E-01     5.120607006E+02
 3.866100000E-01     4.911429502E+02
 3.944200000E-01     4.710330610E+02
 4.023900000E-01     4.516856284E+02
 4.105200000E-01     4.330823032E+02
 4.188100000E-01     4.152038794E+02
 4.272700000E-01     3.980107547E+02
 4.359000000E-01     3.814859751E+02
 4.447100000E-01     3.655943466E+02
 4.536900000E-01     3.503371567E+02
 4.628600000E-01     3.356645095E+02
 4.722100000E-01     3.215773539E+02
 4.817400000E-01     3.080586849E+02
 4.914800000E-01     2.950523166E+02
 5.014100000E-01     2.825719736E+02
 5.115300000E-01     2.706018061E+02
 5.218700000E-01     2.590933567E+02
 5.324100000E-01     2.480564993E+02
 5.431700000E-01     2.374573822E+02
 5.541400000E-01     2.272935164E+02
 5.653300000E-01     2.175429286E+02
 5.767500000E-01     2.081855168E+02
 5.884000000E-01     1.992103101E+02
 6.002900000E-01     1.905989993E+02
 6.124200000E-01     1.823413386E+02
 6.247900000E-01     1.744267939E+02
 6.374100000E-01     1.668388014E+02
 6.502900000E-01     1.595620816E+02
 6.634200000E-01     1.525927888E+02
 6.768300000E-01     1.459062730E+02
 6.905000000E-01     1.395040586E+02
 7.044500000E-01     1.333681096E+02
 7.186800000E-01     1.274904471E+02
 7.332000000E-01     1.218591721E+02
 7.480100000E-01     1.164667316E+02
 7.631200000E-01     1.113021309E+02
 7.785400000E-01     1.063551133E+02
 7.942600000E-01     1.016219197E+02
 8.103100000E-01     9.708700423E+01
 8.266800000E-01     9.274711401E+01
 8.433800000E-01     8.859339091E+01
 8.604100000E-01     8.461978887E+01
 8.778000000E-01     8.081384312E+01
 8.955300000E-01     7.717458652E+01
 9.136200000E-01     7.369247422E+01
 9.320800000E-01     7.036064053E+01
 9.509100000E-01     6.717424058E+01
 9.701100000E-01     6.412836874E+01
 9.897100000E-01     6.121377302E+01
 1.009700000E+00     5.842768392E+01
 1.030100000E+00     5.576312602E+01
 1.050900000E+00     5.321730423E+01
 1.072100000E+00     5.078596945E+01
 1.093800000E+00     4.845448311E+01
 1.115900000E+00     4.623034975E+01
 1.138400000E+00     4.410928453E+01
 1.161400000E+00     4.207853182E+01
 1.184900000E+00     4.013559368E+01
 1.208800000E+00     3.828300000E+01
 1.233300000E+00     3.651200000E+01
 1.258200000E+00     3.482000000E+01
 1.283600000E+00     3.320500000E+01
 1.309500000E+00     3.166200000E+01
 1.336000000E+00     3.018800000E+01
 1.363000000E+00     2.878100000E+01
 1.390500000E+00     2.743800000E+01
 1.418600000E+00     2.615600000E+01
 1.447200000E+00     2.493200000E+01
 1.476500000E+00     2.376300000E+01
 1.506300000E+00     2.264800000E+01
 1.536700000E+00     2.158300000E+01
 1.567800000E+00     2.056700000E+01
 1.599400000E+00     1.959800000E+01
 1.631800000E+00     1.867300000E+01
 1.664700000E+00     1.779100000E+01
 1.698400000E+00     1.694900000E+01
 1.732700000E+00     1.614600000E+01
 1.767700000E+00     1.538000000E+01
 1.803400000E+00     1.465000000E+01
 1.839800000E+00     1.395300000E+01
 1.877000000E+00     1.328900000E+01
 1.914900000E+00     1.265500000E+01
 1.953600000E+00     1.205100000E+01
 1.993000000E+00     1.147500000E+01
 2.033300000E+00     1.092600000E+01
 2.074400000E+00     1.040300000E+01
 2.116300000E+00     9.904100000E+00
 2.159000000E+00     9.428500000E+00
 2.202600000E+00     8.975300000E+00
 2.247100000E+00     8.543400000E+00
 2.292500000E+00     8.131800000E+00
 2.338800000E+00     7.739600000E+00
 2.386100000E+00     7.365900000E+00
 2.434300000E+00     7.009900000E+00
 2.483500000E+00     6.670700000E+00
 2.533600000E+00     6.347600000E+00
 2.584800000E+00     6.039800000E+00
 2.637000000E+00     5.746600000E+00
 2.690300000E+00     5.467400000E+00
 2.744700000E+00     5.201400000E+00
 2.800100000E+00     4.948100000E+00
 2.856700000E+00     4.707000000E+00
 2.914400000E+00     4.477300000E+00
 2.973300000E+00     4.258600000E+00
 3.033300000E+00     4.050400000E+00
 3.094600000E+00     3.852200000E+00
 3.157100000E+00     3.663500000E+00
 3.220900000E+00     3.483900000E+00
 3.286000000E+00     3.312900000E+00
 3.352300000E+00     3.150200000E+00
 3.420100000E+00     2.995300000E+00
 3.489200000E+00     2.847900000E+00
 3.559600000E+00     2.707600000E+00
 3.631600000E+00     2.574100000E+00
 3.704900000E+00     2.447100000E+00
 3.779800000E+00     2.326200000E+00
 3.856100000E+00     2.211200000E+00
 3.934000000E+00     2.101800000E+00
 4.013500000E+00     1.997700000E+00
 4.094600000E+00     1.898700000E+00
 4.177300000E+00     1.804500000E+00
 4.261700000E+00     1.714900000E+00
 4.347800000E+00     1.629700000E+00
 4.435600000E+00     1.548700000E+00
 4.525200000E+00     1.471600000E+00
 4.616600000E+00     1.398300000E+00
 4.709900000E+00     1.328600000E+00
 4.805000000E+00     1.262300000E+00
 4.902100000E+00     1.199300000E+00
 5.001100000E+00     1.139300000E+00
 5.102100000E+00     1.082300000E+00
 5.205200000E+00     1.028200000E+00
 5.310400000E+00     9.766700000E-01
 5.417600000E+00     9.277100000E-01
 5.527100000E+00     8.811700000E-01
 5.638700000E+00     8.369400000E-01
 5.752600000E+00     7.948900000E-01
 5.868900000E+00     7.549200000E-01
 5.987400000E+00     7.169400000E-01
 6.108400000E+00     6.808400000E-01
 6.231800000E+00     6.465300000E-01
 6.357700000E+00     6.139300000E-01
 6.486100000E+00     5.829500000E-01
 6.617100000E+00     5.535100000E-01
 6.750800000E+00     5.255500000E-01
 6.887200000E+00     4.989700000E-01
 7.026300000E+00     4.737200000E-01
 7.168200000E+00     4.497300000E-01
 7.313000000E+00     4.269500000E-01
 7.460800000E+00     4.053000000E-01
 7.611500000E+00     3.847300000E-01
 7.765300000E+00     3.652000000E-01
 7.922100000E+00     3.466500000E-01
 8.082200000E+00     3.290200000E-01
 8.245400000E+00     3.122900000E-01
 8.412000000E+00     2.963900000E-01
 8.581900000E+00     2.812900000E-01
 8.755300000E+00     2.669500000E-01
 8.932200000E+00     2.533400000E-01
 9.112600000E+00     2.404100000E-01
 9.296700000E+00     2.281300000E-01
 9.484500000E+00     2.164800000E-01
 9.676100000E+00     2.054100000E-01
 9.871600000E+00     1.949000000E-01
