1.000000000000000021e-03 3.785419216458499704e+03
1.047370897959449794e-03 3.952117211412941742e+03
1.096985797892384082e-03 4.125688640660471719e+03
1.148951000187308554e-03 4.306360006482599601e+03
1.203377840777589310e-03 4.494358472045667440e+03
1.260382929679727511e-03 4.689913318864576468e+03
1.320088400831418048e-03 4.893255518522831153e+03
1.382622173764656327e-03 5.104616010822075623e+03
1.448118227674533064e-03 5.324220892722977624e+03
1.516716888470922469e-03 5.552293846770843629e+03
1.588565129428052810e-03 5.789056612369462528e+03
1.663816886076128956e-03 6.034728204187797019e+03
1.742633386009650835e-03 6.289520630282872844e+03
1.825183494319042483e-03 6.553627263137414047e+03
1.911644075385701691e-03 6.827229820646201006e+03
2.002200371815584384e-03 7.110499909644560830e+03
2.097046401323232872e-03 7.403597656718652615e+03
2.196385372416547171e-03 7.706666934798862712e+03
2.300430119772916854e-03 8.019824444190480790e+03
2.409403560239524542e-03 8.343165567253241534e+03
2.523539170434765683e-03 8.676764897940496667e+03
2.643081486974105387e-03 9.020674334561195792e+03
2.768286630392066683e-03 9.374916519297212290e+03
2.899422853882875021e-03 9.739471111666183788e+03
3.036771118035457451e-03 1.011428261744910378e+04
3.180625692794119240e-03 1.049926092179350962e+04
3.331294787934673506e-03 1.089427897600331198e+04
3.489101213406773684e-03 1.129916256975142278e+04
3.654383070957254592e-03 1.171366989145250227e+04
3.827494478516311072e-03 1.213750567302191848e+04
4.008806328898464194e-03 1.257032294610727513e+04
4.198707084443909637e-03 1.301172067125877584e+04
4.397603609302721053e-03 1.346122862434474700e+04
4.605922041145103958e-03 1.391827888153312597e+04
4.824108704165368938e-03 1.438222968926357134e+04
5.052631065335679711e-03 1.485236951744401995e+04
5.291978735958441891e-03 1.532791544213105590e+04
5.542664520663107344e-03 1.580798493090185184e+04
5.805225516094895781e-03 1.629154567234808565e+04
6.080224261649427343e-03 1.677746741154297706e+04
6.368249944718586651e-03 1.726453283331207786e+04
6.669919663030121973e-03 1.775143823832742419e+04
6.985879746785249485e-03 1.823675252293491576e+04
7.316807143427191823e-03 1.871885075259202858e+04
7.663410868007462622e-03 1.919599723195090701e+04
8.026433522257174491e-03 1.966636511003315536e+04
8.406652885618325771e-03 2.012804212530097357e+04
8.804883581643463755e-03 2.057895037638803842e+04
9.221978823334321326e-03 2.101673119195310937e+04
9.658832241158708462e-03 2.143891523472725748e+04
1.011637979766207007e-02 2.184296341261624184e+04
1.059560179277615859e-02 2.222628269576517050e+04
1.109752496412072173e-02 2.258611475354081267e+04
1.162322468679852401e-02 2.291939826889000688e+04
1.217382727739661427e-02 2.322302340553697286e+04
1.275051240713013546e-02 2.349389691082055288e+04
1.335451562929898701e-02 2.372897417363796194e+04
1.398713102647238665e-02 2.392510138288815870e+04
1.464971398307285573e-02 2.407885473521175663e+04
1.534368408930012438e-02 2.418691939885490501e+04
1.607052818261639135e-02 2.424618713367322198e+04
1.683180353330956600e-02 2.425380953328695250e+04
1.762914118095948099e-02 2.420711745755819720e+04
1.846424942895543569e-02 2.410356279584191725e+04
1.933891750455231026e-02 2.394100662253590781e+04
2.025501939230667584e-02 2.371780678334304685e+04
2.121451784910629787e-02 2.343287847189047170e+04
2.221946860939523830e-02 2.308611460209546203e+04
2.327202478960408577e-02 2.267866275005276475e+04
2.437444150122220626e-02 2.221232052353649487e+04
2.552908068239517769e-02 2.168946396727306637e+04
2.673841615839946811e-02 2.111305907089489847e+04
2.800503894183630979e-02 2.048835742744864183e+04
2.933166278390043902e-02 1.982361487898622727e+04
3.072112998861757649e-02 1.912713092320517171e+04
3.217641750250736787e-02 1.840685604939328914e+04
3.370064329271928172e-02 1.767035350085825849e+04
3.529707302730650254e-02 1.692766183786303372e+04
3.696912707195028347e-02 1.619191725862929343e+04
3.872038781812554842e-02 1.547467717368563353e+04
4.055460735840829556e-02 1.478561508539879469e+04
4.247571552536898165e-02 1.413268714577023820e+04
4.448782831127585241e-02 1.352252419674310113e+04
4.659525668664682430e-02 1.296053906416567042e+04
4.880251583654431069e-02 1.245094553805286705e+04
5.111433483440168402e-02 1.199357355284653022e+04
5.353566677410724617e-02 1.158347317014286455e+04
5.607169938205457810e-02 1.121310548819040378e+04
5.872786613189483196e-02 1.087041931634020693e+04
6.150985788580501379e-02 1.054011000371806222e+04
6.442363508721372922e-02 1.020446450173156336e+04
6.747544053110693385e-02 9.845076105677273517e+03
7.067181273927491958e-02 9.445412394441818833e+03
7.401959996915644102e-02 8.993857896522737065e+03
7.752597488629460465e-02 8.486756927510481546e+03
8.119844993184012483e-02 7.930630015001835091e+03
8.504489341802677627e-02 7.342807331495055223e+03
8.907354638610440190e-02 6.749582560770656528e+03
9.329304026284686302e-02 6.182091448700708497e+03
9.771241535346496254e-02 5.670419623526590840e+03
1.023411402105452728e-01 5.237202556284345519e+03
1.071891319205127563e-01 4.892447483626046960e+03
1.122667773510813566e-01 4.630320584997339211e+03
1.175849554052156992e-01 4.428717799842481327e+03
1.231550603292826118e-01 4.252490827831649767e+03
1.289890261253308079e-01 4.061565663975153711e+03
1.350993521198026459e-01 3.824413531048767254e+03
1.414991297434576023e-01 3.532054955947778581e+03
1.482020705798858529e-01 3.204188822149218140e+03
1.552225357427048091e-01 2.881248677409158518e+03
1.625755666443794989e-01 2.605351846938080143e+03
1.702769172225899463e-01 2.399805149389961571e+03
1.783430876931909326e-01 2.257555738315547387e+03
1.867913599020782911e-01 2.145539290233494285e+03
1.956398343517064820e-01 2.020991860690815429e+03
2.049074689815848227e-01 1.859075052416987319e+03
2.146141197858403571e-01 1.674292390001375907e+03
2.247805833548725263e-01 1.503798945086852427e+03
2.354286414322417920e-01 1.374214072566021287e+03
2.465811075822604004e-01 1.282232898058265391e+03
2.582618760682677261e-01 1.198603944682253996e+03
2.704959730463134537e-01 1.099233152234501404e+03
2.833096101839324144e-01 9.900763437826143445e+02
2.967302408188869367e-01 8.958173315881560939e+02
3.107866187782014067e-01 8.248430874536102237e+02
3.255088599835059826e-01 7.617466528087329607e+02
3.409285069746810781e-01 6.930697621208365717e+02
3.570785964900462517e-01 6.260384693404641894e+02
3.739937302478797965e-01 5.709542015005674784e+02
3.917101490809260511e-01 5.228402317015999188e+02
4.102658105827194368e-01 4.746326214516276423e+02
4.297004704320839252e-01 4.298753552465008170e+02
4.500557675700497251e-01 3.912993490881125354e+02
4.713753134116723809e-01 3.555061792015475817e+02
4.937047852839003825e-01 3.217771983014151829e+02
5.170920242896760444e-01 2.919297072498340526e+02
5.415871378079470944e-01 2.644845490248763440e+02
5.672426068491978057e-01 2.392610536079156134e+02
5.941133984965033532e-01 2.165649789322210097e+02
6.222570836730231258e-01 1.957496447022483608e+02
6.517339604882427251e-01 1.768975551578786849e+02
6.826071834272385841e-01 1.597539730655102517e+02
7.149428986597576863e-01 1.441769150913736439e+02
7.488103857590022727e-01 1.300693197547082320e+02
7.842822061337682005e-01 1.172758626461013165e+02
8.214343584919430175e-01 1.056804714255351456e+02
8.603464416684500904e-01 9.518294116533925830e+01
9.011018251665018353e-01 8.568601674459408457e+01
9.437878277775381131e-01 7.709938678384101252e+01
9.884959046625586554e-01 6.934029642474997956e+01
1.035321843295662569e+00 6.233298379064642347e+01
1.084365968689610771e+00 5.600815201015446831e+01
1.135733358343105071e+00 5.030248615521258415e+01
1.189534067370319637e+00 4.515819922300561728e+01
1.245883364295008233e+00 4.052255888164496156e+01
1.304901978014402886e+00 3.634748066318115178e+01
1.366716356462007287e+00 3.258915279625721695e+01
1.431458937523478525e+00 2.920767297964269460e+01
1.499268432786045491e+00 2.616674089766818412e+01
1.570290124729377457e+00 2.343337037773801512e+01
1.644676177994664368e+00 2.097760880655100379e+01
1.722585965398787389e+00 1.877227550632954944e+01
1.804186409392071866e+00 1.679270871208300875e+01
1.889652339691209715e+00 1.501655997921786145e+01
1.979166867853557443e+00 1.342359946930084114e+01
2.072921779595371827e+00 1.199552637889902584e+01
2.171117945694505114e+00 1.071579474392890141e+01
2.273965752357927528e+00 9.569452805546868390e+00
2.381685551976158166e+00 8.542998402370717059e+00
2.494508135230316448e+00 7.624246093252806666e+00
2.612675225563329207e+00 6.802204841179543493e+00
2.736439997074672004e+00 6.066965651363499745e+00
2.866067616948250407e+00 5.409596126670837002e+00
3.001835813575588929e+00 4.822052189454545612e+00
3.144035471591500208e+00 4.297095530821995801e+00
3.292971255097151495e+00 3.828215964950966388e+00
3.448962260405759928e+00 3.409560848986101789e+00
3.612342699709430338e+00 3.035870855401134882e+00
3.783462617131928774e+00 2.702422165049807923e+00
3.962688638701478361e+00 2.404973922243372808e+00
4.150404757850476578e+00 2.139720495861131333e+00
4.347013158125026422e+00 1.903248077584323461e+00
4.552935074866947929e+00 1.692494802333103010e+00
4.768611697714469244e+00 1.504716508672718334e+00
4.994505115855139898e+00 1.337455168795799398e+00
5.231099308056263553e+00 1.188509873813839102e+00
5.478901179593944626e+00 1.055910630310761045e+00
5.738441648302393006e+00 9.378946466372881652e-01
6.010276782070381962e+00 8.328852488307421087e-01
6.294988990221887626e+00 7.394727831942838892e-01
6.593188271333548123e+00 6.563973512551630751e-01
6.905513520162330998e+00 5.825332381558862016e-01
7.232633896483533498e+00 5.168748120488791953e-01
7.575250258771912826e+00 4.585241821668274431e-01
7.934096665797492065e+00 4.066799742241927196e-01
8.309941949353396140e+00 3.606271713662752565e-01
8.703591361485166544e+00 3.197279637135978514e-01
9.115888299750828594e+00 2.834134668736734697e-01
9.547716114208055771e+00 2.511765666266440600e-01
1.000000000000000000e+01 2.225653869811979879e-01
